4.414186452804534366e-01
7.445729024153403541e-01
6.148903321045532389e-01
8.303047244562374862e-01
3.769619362412069408e-01
6.583375637226113186e-01
7.898852626576046143e-01
4.880870441347626154e-01
7.941841252831424169e-01
4.757698448997671470e-01
7.823874500740973792e-01
5.096210848690801987e-01
8.122030050178833394e-01
4.250222505645918081e-01
7.243294593919312740e-01
6.660163622416465090e-01
7.792878559739260247e-01
5.184730382638564894e-01
8.185261943574954069e-01
4.077835221190999615e-01
7.017206782868335990e-01
7.164929609763421858e-01
6.843599182158154326e-01
7.497664871217302185e-01
6.010371879780996851e-01
8.364815173109986235e-01
3.616879807401410241e-01
6.355954229478565365e-01
8.151269789034572000e-01
4.169615069157339149e-01
7.139160915284797904e-01
6.902144262381028073e-01
7.391032935726858932e-01
6.291917083442696290e-01
8.206212172138842575e-01
4.021634234708886257e-01
6.940796886846384295e-01
7.317512981181332199e-01
6.478408175732475183e-01
8.026846159455961471e-01
4.516230848509917295e-01
7.564924427201282775e-01
5.827279494422298312e-01
8.400821408070323626e-01
3.531361021033290748e-01
6.225509104781625780e-01
8.255399681031332371e-01
3.891701458574604033e-01
6.759374638840930372e-01
7.640415124391428670e-01
5.617660542624149933e-01
8.383743473854378125e-01
3.571168950856313806e-01
6.286550764902557598e-01
8.210405664248080493e-01
4.010246954077970050e-01
6.925259553928402312e-01
7.347537264886794262e-01
6.403021413674586659e-01
8.106656581091414848e-01
4.292735565120544550e-01
7.297062217869555445e-01
6.529342730260367933e-01
7.967045311960475606e-01
4.685722093271378896e-01
7.750219889299588827e-01
5.306775491250151910e-01
8.260701690062762781e-01
3.877748749473731160e-01
6.739678005565014063e-01
7.672183651113403391e-01
5.528151502001593665e-01
8.359708356736893498e-01
3.629411009767022911e-01
6.374946793824303182e-01
8.133906829205160838e-01
4.217563369004118101e-01
7.201499303332931090e-01
6.759216146761564126e-01
7.640734356120598703e-01
5.616721929694107329e-01
8.383585386338539003e-01
3.571648621044585248e-01
6.287274383238915521e-01
8.209750356591968279e-01
4.011786196403579474e-01
6.927385177157096008e-01
7.343494473246033882e-01
6.413308799444941144e-01
8.096340044657006629e-01
4.321363003613854503e-01
7.332660927224036174e-01
6.440578395442752013e-01
8.068208720756508967e-01
4.399871018745641904e-01
7.428425359001753492e-01
6.194066214123935543e-01
8.276154585254206220e-01
3.838175316602178699e-01
6.682939148779932781e-01
7.759441055033392542e-01
5.280314431168097178e-01
8.245577866436853975e-01
3.917271036386537619e-01
6.795725045422870148e-01
7.580400942855103352e-01
5.784604129390323868e-01
8.402205018020686422e-01
3.528194143391712445e-01
6.220600291852226293e-01
8.258777265189340966e-01
3.882942420361446545e-01
6.747090225485603554e-01
7.660324407900084287e-01
5.561520454096193777e-01
8.369859903646403865e-01
3.604889239579917581e-01
6.337790913659012704e-01
8.167597736597344005e-01
4.125344885277495988e-01
7.080829809294767463e-01
7.030919218595693687e-01
7.136626039356404050e-01
6.907738438687708316e-01
7.380638999643873710e-01
6.318595994193739740e-01
8.184114683040301097e-01
4.080410671735090755e-01
7.020776253497759134e-01
7.157767691124501397e-01
6.860192884800150326e-01
7.467887018018982692e-01
6.089738213989235316e-01
8.333248198972335041e-01
3.694175386604802713e-01
6.472017150280628961e-01
8.034040839351975771e-01
4.495897982182920916e-01
7.541555484662337827e-01
5.891103621130326928e-01
8.393958562252499256e-01
3.547557961618679756e-01
6.250293820379393406e-01
8.237919248456236909e-01
3.937563974444688863e-01
6.824222866173358382e-01
7.531510746699875414e-01
5.918644392234929663e-01
8.389041112214665752e-01
3.558898717728537497e-01
6.267695779181948756e-01
8.224917789584994532e-01
3.971613048915731414e-01
6.871844700346412260e-01
7.447029504884201678e-01
6.145470283397599376e-01
8.305044529337178849e-01
3.764740159703792166e-01
6.576246108630569021e-01
7.908095513513863084e-01
4.854177850468490707e-01
7.917041992205967604e-01
4.828602234544817073e-01
7.892858755859064601e-01
4.897802889705542562e-01
7.957301870780651987e-01
4.713845193952162504e-01
7.779393264041535305e-01
5.223609038959369233e-01
8.210764235312669745e-01
4.009277397980581248e-01
6.923932543699594655e-01
7.350068093733561625e-01
6.396635083438136915e-01
8.112983829018577397e-01
4.275256535878710351e-01
7.275000517799793398e-01
6.583464375767071886e-01
7.898737991173244710e-01
4.881221660808885976e-01
7.942156518968928047e-01
4.756760585184708900e-01
7.822944687707577005e-01
5.098873236150754940e-01
8.124028247464888386e-01
4.244734216575014596e-01
7.236298310947931745e-01
6.676975040370658476e-01
7.768201743492418876e-01
5.255087210770349460e-01
8.230431972865620560e-01
3.957079720765965813e-01
6.851508151655574252e-01
7.483566257905897023e-01
6.048239622599865806e-01
8.350862979429899413e-01
3.650485015577218384e-01
6.406658010526506963e-01
8.103049855047944616e-01
4.302701964161490533e-01
7.309511010440091772e-01
6.498579837462912234e-01
8.003733104216941285e-01
4.581434039593746399e-01
7.638120086793268593e-01
5.623907468204134563e-01
8.385280413296619662e-01
3.568010256674422620e-01
6.281687786073321123e-01
8.214321363790468844e-01
4.000076569706556562e-01
6.911257222931146416e-01
7.373961875141593625e-01
6.335457508910246061e-01
8.169720980045859227e-01
4.119602160766019927e-01
7.073150550569152761e-01
7.047173142562109804e-01
7.102468282362246477e-01
6.983783668978352788e-01
7.232915660458080209e-01
6.684813454441244085e-01
7.756560581574123425e-01
5.288828407001777698e-01
8.250652305024034350e-01
3.904407522391413199e-01
6.777518737866761178e-01
7.610759962225784880e-01
5.700145324082910303e-01
8.397509164873045995e-01
3.539099877729452448e-01
6.237286062672885434e-01
8.247261034154246273e-01
3.913200013070597394e-01
6.789932915051838380e-01
7.590124238994242489e-01
5.757646993575488148e-01
8.401695345612517629e-01
3.529197986538282206e-01
6.222160803095569959e-01
8.257736160178429374e-01
3.885769089575850654e-01
6.750964117204348858e-01
7.654037102587626373e-01
5.579370019626658239e-01
8.374573397547694364e-01
3.593096325276365910e-01
6.319847545426485746e-01
8.183156655928094381e-01
4.083534105549135318e-01
7.024849519584753788e-01
7.149145533981483558e-01
6.879679178476824086e-01
7.432725194548814862e-01
6.183124242887376720e-01
8.282878020304411670e-01
3.820564469027474819e-01
6.657548536674784412e-01
7.796546410199224342e-01
5.173998064444893519e-01
8.177961819858375891e-01
4.097516071640829316e-01
7.043731838162133885e-01
7.109917029668664235e-01
6.967266743578829358e-01
7.265704679254872955e-01
6.606158924252304443e-01
7.868436311644501080e-01
4.967949647055369122e-01
8.018906393980987923e-01
4.538378101922075358e-01
7.590024097027198158e-01
5.757894317214986568e-01
8.401730613887368193e-01
3.529205534809514155e-01
6.222132490041167863e-01
8.257794767908461786e-01
3.885682099322403382e-01
6.750977270087002990e-01
7.654015254138143431e-01
5.579066771033290850e-01
8.374675829127803395e-01
3.593347990427580019e-01
6.320304191448106179e-01
8.182682161050441882e-01
4.084301385419066288e-01
7.026017124747293563e-01
7.146920794538734745e-01
6.884729958522138871e-01
7.423318408023434900e-01
6.207784028879946847e-01
8.267392326095722721e-01
3.860917509819364324e-01
6.715620640463422220e-01
7.709874503206188834e-01
5.421564738103769043e-01
8.318704646844543582e-01
3.730437405754098990e-01
6.525799362235810142e-01
7.971535613340577919e-01
4.673140615217781790e-01
7.737059675524290414e-01
5.344261308555303680e-01
8.281239478353442651e-01
3.825280303511522373e-01
6.664284910533090356e-01
7.786866578935845995e-01
5.202226646818293165e-01
8.196854017313172092e-01
4.046435041247379849e-01
6.974698068890413660e-01
7.251081630220953533e-01
6.641484848045153822e-01
7.819481426162936399e-01
5.108342576642099786e-01
8.130928603254478082e-01
4.225258189617318583e-01
7.211316567510600573e-01
6.736015048115485682e-01
7.677944078471083955e-01
5.511849675173846608e-01
8.354212848280804238e-01
3.642661642864451488e-01
6.394901367682247484e-01
8.114690067827092790e-01
4.270543509033816743e-01
7.269018109874059164e-01
6.597994367381109226e-01
7.879539276201277254e-01
4.936402000588528405e-01
7.991725362436801205e-01
4.615778717608216009e-01
7.675783454776082815e-01
5.518132662568863145e-01
8.356390163491494993e-01
3.637444641218484098e-01
6.386978749311310599e-01
8.122302474396065897e-01
4.249402371909363207e-01
7.242180881764722633e-01
6.662702321503214398e-01
7.789249739897626812e-01
5.195365041290970209e-01
8.192236216685832018e-01
4.058593221991476097e-01
6.991199417941805772e-01
7.218050563358828775e-01
6.720380123914150294e-01
7.702550080834619228e-01
5.442454453438018147e-01
8.327717535881439259e-01
3.707952486030321460e-01
6.492473710503191553e-01
8.010836526554299120e-01
4.561493863969734996e-01
7.615994005824276991e-01
5.685758727490664022e-01
8.395804612117206966e-01
3.543205372558171362e-01
6.243585281957676481e-01
8.242741556323299745e-01
3.924937599934619215e-01
6.806447735358429618e-01
7.562148202240640549e-01
5.834868663801622279e-01
8.400143342949335512e-01
3.532588446889879941e-01
6.227277365599456216e-01
8.254267657919366341e-01
3.894954952352424615e-01
6.764148815648307611e-01
7.632763001686903026e-01
5.638874201707394507e-01
8.388285777803662357e-01
3.560901677981508917e-01
6.270861866039877386e-01
8.222681895991569290e-01
3.977915618754488403e-01
6.880472455506155827e-01
7.431031651322976828e-01
6.187281091740599592e-01
8.280433595508475131e-01
3.827194902741511418e-01
6.667109909100318310e-01
7.782747224361835636e-01
5.213872620717836526e-01
8.204588088678037572e-01
4.026000606189474862e-01
6.946755254449401562e-01
7.305824762481227808e-01
6.507395606836898772e-01
7.993463354104641816e-01
4.610818812180690895e-01
7.670396376517070181e-01
5.533391509081631021e-01
8.361317876253129278e-01
3.625365095302843232e-01
6.368834569502969112e-01
8.139587055019842365e-01
4.201876415760405492e-01
7.181258407531095900e-01
6.806312896287477487e-01
7.562361107570482188e-01
5.834036187121510730e-01
8.400370858930105156e-01
3.532445298561919245e-01
6.227165941921376513e-01
8.254283967212922013e-01
3.894630659435971975e-01
6.763614388653210741e-01
7.633581169296190794e-01
5.636643764012809754e-01
8.387728438102813877e-01
3.561973840237025457e-01
6.272375101172233958e-01
8.221369163120094692e-01
3.981075483055641073e-01
6.884997101120703400e-01
7.423005609868110755e-01
6.208742869621722837e-01
8.266720167116038409e-01
3.862465088391944246e-01
6.717808489091385837e-01
7.706543478510979872e-01
5.431141444001196250e-01
8.322800338109616058e-01
3.719977672532783219e-01
6.510292791841768567e-01
7.989989401729955532e-01
4.620619855030361767e-01
7.681010792397140463e-01
5.503349225030703673e-01
8.351286025210759023e-01
3.649901144666067854e-01
6.405750309533942977e-01
8.103942480777265311e-01
4.300205535434459825e-01
7.306304970208602478e-01
6.506307710490530916e-01
7.994690884697891464e-01
4.607339106379248483e-01
7.666599095460558955e-01
5.544030541640023735e-01
8.364681445234185553e-01
3.617362517563076918e-01
6.356721945851848687e-01
8.150809916543751976e-01
4.171263916381002246e-01
7.141405014553866559e-01
6.897262234102918832e-01
7.400163044995305972e-01
6.267933500387002921e-01
8.224833041002823641e-01
3.972082861684693156e-01
6.872442139574056474e-01
7.445930358929992998e-01
6.148345912497920063e-01
8.303267069531922173e-01
3.768782156512747172e-01
6.582089899636875963e-01
7.900513125832230310e-01
4.876304733686007697e-01
7.937542108201368629e-01
4.769788617583922696e-01
7.835890139863478376e-01
5.061683067358884180e-01
8.095462055420102887e-01
4.323432265786527062e-01
7.335273166256744970e-01
6.434061823914803968e-01
8.074944935086504350e-01
4.380858872625255085e-01
7.405700351565801531e-01
6.253871141045225235e-01
8.235341984621316058e-01
3.944424786848508280e-01
6.833851389158239753e-01
7.514792039700751713e-01
5.963973706650016471e-01
8.378726716237648864e-01
3.583574725396134197e-01
6.305380747484984338e-01
8.195241741640256761e-01
4.050972488254611092e-01
6.980896320254221799e-01
7.238720397037196053e-01
6.671010918793965905e-01
7.777062776935194099e-01
5.230261971947084421e-01
8.215031192397931337e-01
3.997988663318506330e-01
6.908339646374680454e-01
7.379519352719027259e-01
6.321428788036028701e-01
8.181857141909129050e-01
4.087025078309116100e-01
7.029621424331399249e-01
7.139320100208345066e-01
6.901728950928266437e-01
7.391929928227494173e-01
6.289486855092466522e-01
8.207989920929179561e-01
4.016476870175449965e-01
6.933807146513949471e-01
7.331194161135218268e-01
6.444357809370389045e-01
8.064147140250387258e-01
4.411182998453026527e-01
7.442024591574326609e-01
6.158429386366143232e-01
8.297733731985098560e-01
3.783151415065653667e-01
6.603090419803923083e-01
7.872617938543173821e-01
4.956280619879065985e-01
8.008999304798182228e-01
4.566681292784049440e-01
7.621763297440359297e-01
5.669674007596826604e-01
8.393542118039368782e-01
3.548534987421116949e-01
6.251812970286113602e-01
8.236840838067275294e-01
3.940462868038267508e-01
6.828295400823174433e-01
7.524470228637207825e-01
5.937693201960870804e-01
8.385090238930351658e-01
3.568362971692234376e-01
6.282244928976745690e-01
8.213872321864190695e-01
4.001214720387133994e-01
6.912841775833608038e-01
7.371026270604640329e-01
6.343105024557066374e-01
8.163026349551953942e-01
4.137909660358433661e-01
7.097480138381276893e-01
6.994673502457459113e-01
7.210898404038427190e-01
6.736916826686855098e-01
7.676471000233858755e-01
5.515910591467946267e-01
8.355577522887034370e-01
3.639286389398337374e-01
6.389859281023124726e-01
8.119624490572912023e-01
4.256852257233834091e-01
7.251689840993617020e-01
6.639892005691319099e-01
7.821922128108806938e-01
5.101694664025490100e-01
8.126087878945597032e-01
4.238934138146486230e-01
7.228896393295384248e-01
6.694675629430522079e-01
7.741911863117536541e-01
5.330561019444163273e-01
8.273739098477300713e-01
3.843983068699292627e-01
6.691290453504753488e-01
7.746865599243900613e-01
5.316150562197565765e-01
8.266087686124109490e-01
3.864230406294148490e-01
6.720358661291423452e-01
7.702589800320623903e-01
5.442340835214213302e-01
8.327667385449434301e-01
3.708065345035827520e-01
6.492646348790366284e-01
8.010639861149022600e-01
4.562032281321791172e-01
7.616605287247932843e-01
5.684083326816121717e-01
8.395586601870251853e-01
3.543723574158610945e-01
6.244377023995325571e-01
8.242161250068865685e-01
3.926432280934520347e-01
6.808550085751027270e-01
7.558555409484859489e-01
5.844737562587051238e-01
8.399345371546730332e-01
3.534438930423997038e-01
6.230144890219547760e-01
8.252305716277640313e-01
3.900078252758669151e-01
6.771417615225208131e-01
7.620842481705344396e-01
5.672142894131536606e-01
8.393900392121005360e-01
3.547662276812063031e-01
6.250493152709607481e-01
8.237837250532263900e-01
3.937903892834697661e-01
6.824712445111765780e-01
7.530684322651793883e-01
5.920750661653306768e-01
8.388686447482266439e-01
3.559872947783450647e-01
6.269245700655220466e-01
8.223847121919803937e-01
3.974672245548269700e-01
6.876021032055659177e-01
7.439291462795502019e-01
6.165829300533931523e-01
8.293483796544034448e-01
3.794029377952193305e-01
6.619003871346076373e-01
7.851002066340901919e-01
5.018280029388192398e-01
8.060953542403858085e-01
4.420077687421026802e-01
7.452752760306274871e-01
6.130367143374723105e-01
8.313116926406559637e-01
3.744208983850571548e-01
6.546115411587443145e-01
7.946618295073836213e-01
4.744329236276893513e-01
7.810396929008190936e-01
5.134732772470179674e-01
8.150229198146970999e-01
4.172475446261714738e-01
7.142860605090093351e-01
6.893777936038759657e-01
7.406733510271519272e-01
6.251161205210266081e-01
8.237293320580714173e-01
3.939224847525904516e-01
6.826554590197387862e-01
7.527481403670698290e-01
5.929579337248563897e-01
8.386833908205355570e-01
3.564143355153865378e-01
6.275806496566163073e-01
8.218820353114795196e-01
3.987990795435292224e-01
6.894443317767793289e-01
7.405366382924589708e-01
6.254643666020505144e-01
8.234833061877685489e-01
3.945841019874661293e-01
6.835843681450034515e-01
7.511281071579531954e-01
5.973384558394277954e-01
8.376194701553586475e-01
3.589673449322910437e-01
6.314709811424183972e-01
8.187406641460154288e-01
4.071625857948044658e-01
7.008904690251774872e-01
7.182195415816327033e-01
6.804203763644408598e-01
7.566055437977556863e-01
5.824066551982626239e-01
8.401032574839369937e-01
3.530924588982765067e-01
6.224840861015589200e-01
8.255788491095762405e-01
3.890476102317561025e-01
6.757708451256453364e-01
7.643201024511961927e-01
5.609770844643106047e-01
8.382089960366631010e-01
3.575316040947802976e-01
6.292879247181736302e-01
8.205292789796354569e-01
4.023701349432677321e-01
6.943682730966660444e-01
7.312112951993107179e-01
6.492086708546989104e-01
8.011279283769422443e-01
4.560132136721788965e-01
7.614533494504215350e-01
5.689930744212291502e-01
8.396338479106311148e-01
3.541947536103693395e-01
6.241705153818999374e-01
8.244036842191122538e-01
3.921343979429370852e-01
6.801426263898125990e-01
7.570790889771971122e-01
5.811117376897904085e-01
8.401605149745915435e-01
3.529450588024256596e-01
6.222562045493867933e-01
8.257447211599143744e-01
3.886468384897934780e-01
6.751967318281620889e-01
7.652435604635957622e-01
5.583879869082893910e-01
8.375759699627397525e-01
3.590298323856848661e-01
6.315608704708984833e-01
8.186755405939175612e-01
4.073793312814537049e-01
7.011759765911316222e-01
7.176142676889284422e-01
6.818001504373443211e-01
7.542358521685720296e-01
5.889111438643824803e-01
8.394089554525270280e-01
3.546821090816319466e-01
6.249282947824141843e-01
8.238738315204533480e-01
3.935547078643533148e-01
6.821414371276560695e-01
7.536463786478582172e-01
5.904974361293924279e-01
8.391669232429114222e-01
3.552933631418321858e-01
6.258615251584147554e-01
8.231883294610201629e-01
3.953594193642555599e-01
6.846694713266585630e-01
7.492130674572354820e-01
6.024954255671192138e-01
8.359802389331493222e-01
3.629181337325176337e-01
6.374602132878240957e-01
8.134227150620857438e-01
4.216690490531266877e-01
7.200374080104451346e-01
6.761834539766282681e-01
7.636442496555836401e-01
5.628762295208707966e-01
8.386050066652227519e-01
3.565657290172859484e-01
6.278060868122611327e-01
8.216931582759666730e-01
3.992680460770554607e-01
6.900888619501189813e-01
7.393339208732049306e-01
6.285935226144079291e-01
8.210981513716251179e-01
4.008978482409255029e-01
6.923463645753579199e-01
7.350812036739050592e-01
6.394466694261398132e-01
8.115045138615285536e-01
4.269398344235128540e-01
7.267644063442270097e-01
6.601499691625318800e-01
7.874769709754764202e-01
4.949835777379089641e-01
8.003319560225344853e-01
4.582595124005778842e-01
7.639491093348120820e-01
5.620233927045001909e-01
8.384286838744218207e-01
3.569851824791872574e-01
6.284528428784829091e-01
8.211942459648237103e-01
4.006011442253179511e-01
6.919440012824128461e-01
7.358601455913991174e-01
6.375048726279485267e-01
8.133810469379931796e-01
4.217821994529517560e-01
7.201832328925341642e-01
6.758438705680632763e-01
7.642005569877037274e-01
5.613146602918558381e-01
8.382818901622441921e-01
3.573512389898292341e-01
6.290133218604400112e-01
8.207489096639791759e-01
4.017847226007814077e-01
6.935679485896777408e-01
7.327589098136324530e-01
6.453420755689946997e-01
8.054439482457479427e-01
4.438439890847828972e-01
7.474516684358404328e-01
6.072340433480531985e-01
8.340833839372002734e-01
3.674972039020142911e-01
6.443438516086632539e-01
8.065176380140367529e-01
4.408325073302321040e-01
7.438675208457956600e-01
6.167314817376677860e-01
8.292428126588190507e-01
3.796328267032265669e-01
6.622409101292867639e-01
7.846370635304987795e-01
5.031599100099226618e-01
8.071661499563619335e-01
4.389945966450494730e-01
7.416657901031361577e-01
6.225298016150863090e-01
8.255617302735629437e-01
3.891400417984954285e-01
6.759023587080145168e-01
7.641075515971739174e-01
5.615749544474742949e-01
8.383470567822951525e-01
3.572181182963733992e-01
6.288054018774951182e-01
8.209300456843640070e-01
4.013440167137569126e-01
6.929581232545448666e-01
7.339130963697196863e-01
6.424130431721869483e-01
8.085353624418775143e-01
4.351891111377951815e-01
7.370353317777672553e-01
6.345044184296881884e-01
8.161266812046116259e-01
4.142680432243512900e-01
7.103723292441143089e-01
6.980790778502021787e-01
7.238997786647618504e-01
6.670462799958376543e-01
7.777847257193070130e-01
5.227682500910347807e-01
8.213363944500876590e-01
4.002382818765517491e-01
6.914273536936592635e-01
7.368182815478260261e-01
6.350559353686114905e-01
8.156252070704955726e-01
4.156221979143081557e-01
7.121567831755531985e-01
6.941432705423457028e-01
7.316319713336912889e-01
6.481423124806143798e-01
8.023329916994516031e-01
4.525839709195280669e-01
7.575829843653778539e-01
5.797043080293605710e-01
8.401853250977396881e-01
3.528506114958345763e-01
6.221018055266755997e-01
8.258549466252630422e-01
3.883837332784985108e-01
6.748228305531108751e-01
7.658427958745629427e-01
5.566945760781386587e-01
8.371233191225982972e-01
3.601186561715232770e-01
6.332214445716087825e-01
8.172596705975152531e-01
4.111986826523463812e-01
7.062981779407474514e-01
7.068983526564135422e-01
7.056088784336668196e-01
7.083608635816648347e-01
7.024694976098538879e-01
7.149550369918870052e-01
6.878821740247819116e-01
7.434058136961589902e-01
6.179294460138157197e-01
8.285330258711650631e-01
3.814634273714548329e-01
